1010101010101010101010101010101010101010101010100101010101010101010101010101010101010101010101010001000100010001000100010001000100100010001000100000000100000010000000110000010000000101000001100000011100001000000010010000101000001011000011000000110100001110
0000111100010000000100010001001000010011000101000001010100010110000101110001100000011001000110100001101100011100000111010001111000011111001000000010000100100010001000110010010000100101001001100010011100101000001010010010101000101011001011000010110100101110
0010111100110000001100010011001000110011001101000011010100110110001101110011100000111001001110100011101100111100001111010011111000111111010000000100000101000010010000110100010001000101010001100100011101001000010010010100101001001011010011000100110101001110
0100111101010000010100010101001001010011010101000101010101010110010101110101100001011001010110100101101101011100010111010101111001011111011000000110000101100010011000110110010001100101011001100110011101101000011010010110101001101011011011000110110101101110
1010101010101010101010101010101010101010101010100101010101010101010101010101010101010101010101010001000100010001000100010001000100100010001000100110111101110000011100010111001001110011011101000111010101110110011101110111100001111001011110100111101101111100
0111110101111110011111111000000010000001100000101000001110000100100001011000011010000111100010001000100110001010100010111000110010001101100011101000111110010000100100011001001010010011100101001001010110010110100101111001100010011001100110101001101110011100
1001110110011110100111111010000010100001101000101010001110100100101001011010011010100111101010001010100110101010101010111010110010101101101011101010111110110000101100011011001010110011101101001011010110110110101101111011100010111001101110101011101110111100
1011110110111110101111111100000011000001110000101100001111000100110001011100011011000111110010001100100111001010110010111100110011001101110011101100111111010000110100011101001011010011110101001101010111010110110101111101100011011001110110101101101111011100
1010101010101010101010101010101010101010101010100101010101010101010101010101010101010101010101010001000100010001000100010001000100100010001000101101110111011110110111111110000011100001111000101110001111100100111001011110011011100111111010001110100111101010
1110101111101100111011011110111011101111111100001111000111110010111100111111010011110101111101101111011111111000111110011111101011111011111111001111110111111110111111110000000000000001000000100000001100000100000001010000011000000111000010000000100100001010
0000101100001100000011010000111000001111000100000001000100010010000100110001010000010101000101100001011100011000000110010001101000011011000111000001110100011110000111110010000000100001001000100010001100100100001001010010011000100111001010000010100100101010
0010101100101100001011010010111000101111001100000011000100110010001100110011010000110101001101100011011100111000001110010011101000111011001111000011110100111110001111110100000001000001010000100100001101000100010001010100011001000111010010000100100101001010
1010101010101010101010101010101010101010101010100101010101010101010101010101010101010101010101010001000100010001000100010001000100100010001000100100101101001100010011010100111001001111010100000101000101010010010100110101010001010101010101100101011101011000
0101100101011010010110110101110001011101010111100101111101100000011000010110001001100011011001000110010101100110011001110110100001101001011010100110101101101100011011010110111001101111011100000111000101110010011100110111010001110101011101100111011101111000
0111100101111010011110110111110001111101011111100111111110000000100000011000001010000011100001001000010110000110100001111000100010001001100010101000101110001100100011011000111010001111100100001001000110010010100100111001010010010101100101101001011110011000
1001100110011010100110111001110010011101100111101001111110100000101000011010001010100011101001001010010110100110101001111010100010101001101010101010101110101100101011011010111010101111101100001011000110110010101100111011010010110101101101101011011110111000
1010101010101010101010101010101010101010101010100101010101010101010101010101010101010101010101010001000100010001000100010001000100100010001000101011100110111010101110111011110010111101101111101011111111000000110000011100001011000011110001001100010111000110
1100011111001000110010011100101011001011110011001100110111001110110011111101000011010001110100101101001111010100110101011101011011010111110110001101100111011010110110111101110011011101110111101101111111100000111000011110001011100011111001001110010111100110
1110011111101000111010011110101011101011111011001110110111101110111011111111000011110001111100101111001111110100111101011111011011110111111110001111100111111010111110111111110011111101111111101111111100000000000000010000001000000011000001000000010100000110
0000011100001000000010010000101000001011000011000000110100001110000011110001000000010001000100100001001100010100000101010001011000010111000110000001100100011010000110110001110000011101000111100001111100100000001000010010001000100011001001000010010100100110
1010101010101010101010101010101010101010101010100101010101010101010101010101010101010101010101010001000100010001000100010001000100100010001000100000000100000010000000110000010000000101000001100000011100001000000010010000101000001011000011000000110100001110
0000111100010000000100010001001000010011000101000001010100010110000101110001100000011001000110100001101100011100000111010001111000011111001000000010000100100010001000110010010000100101001001100010011100101000001010010010101000101011001011000010110100101110
0010111100110000001100010011001000110011001101000011010100110110001101110011100000111001001110100011101100111100001111010011111000111111010000000100000101000010010000110100010001000101010001100100011101001000010010010100101001001011010011000100110101001110
0100111101010000010100010101001001010011010101000101010101010110010101110101100001011001010110100101101101011100010111010101111001011111011000000110000101100010011000110110010001100101011001100110011101101000011010010110101001101011011011000110110101101110
0110111101110000011100010111001001110011011101000111010101110110011101110111100001111001011110100111101101111100011111010111111001111111100000001000000110000010100000111000010010000101100001101000011110001000100010011000101010001011100011001000110110001110
1000111110010000100100011001001010010011100101001001010110010110100101111001100010011001100110100000000000000000000000000000000000000000000000000000000000000000000000000000000000000000000000000000000000000000000000000000000000000000000000000000000000000000
1010101010101010101010101010101010101010101010100101010101010101010101010101010101010101010101010001000100010001000100010001000100100010001000101001101110011100100111011001111010011111101000001010000110100010101000111010010010100101101001101010011110101000
1010100110101010101010111010110010101101101011101010111110110000101100011011001010110011101101001011010110110110101101111011100010111001101110101011101110111100101111011011111010111111110000001100000111000010110000111100010011000101110001101100011111001000
1100100111001010110010111100110011001101110011101100111111010000110100011101001011010011110101001101010111010110110101111101100011011001110110101101101111011100110111011101111011011111111000001110000111100010111000111110010011100101111001101110011111101000
1110100111101010111010111110110011101101111011101110111111110000111100011111001011110011111101001111010111110110111101111111100011111001111110101111101111111100111111011111111011111111000000000000000100000010000000110000010000000101000001100000011100001000
0000100100001010000010110000110000001101000011100000111100010000000100010001001000010011000101000001010100010110000101110001100000011001000110100001101100011100000111010001111000011111001000000010000100100010001000110010010000100101001001100010011100101000
0010100100101010001010110010110000101101001011100010111100110000001100010011001000110011001101000000000000000000000000000000000000000000000000000000000000000000000000000000000000000000000000000000000000000000000000000000000000000000000000000000000000000000
1010101010101010101010101010101010101010101010100101010101010101010101010101010101010101010101010001000100010001000100010001000100100010001000100011010100110110001101110011100000111001001110100011101100111100001111010011111000111111010000000100000101000010
0100001101000100010001010100011001000111010010000100100101001010010010110100110001001101010011100100111101010000010100010101001001010011010101000101010101010110010101110101100001011001010110100101101101011100010111010101111001011111011000000110000101100010
0110001101100100011001010110011001100111011010000110100101101010011010110110110001101101011011100110111101110000011100010111001001110011011101000111010101110110011101110111100001111001011110100111101101111100011111010111111001111111100000001000000110000010
1000001110000100100001011000011010000111100010001000100110001010100010111000110010001101100011101000111110010000100100011001001010010011100101001001010110010110100101111001100010011001100110101001101110011100100111011001111010011111101000001010000110100010
1010001110100100101001011010011010100111101010001010100110101010101010111010110010101101101011101010111110110000101100011011001010110011101101001011010110110110101101111011100010111001101110101011101110111100101111011011111010111111110000001100000111000010
1100001111000100110001011100011011000111110010001100100111001010110010111100110011001101110011100000000000000000000000000000000000000000000000000000000000000000000000000000000000000000000000000000000000000000000000000000000000000000000000000000000000000000
1010101010101010101010101010101010101010101010100101010101010101010101010101010101010101010101010001000100010001000100010001000100100010001000101100111111010000110100011101001011010011110101001101010111010110110101111101100011011001110110101101101111011100
1101110111011110110111111110000011100001111000101110001111100100111001011110011011100111111010001110100111101010111010111110110011101101111011101110111111110000111100011111001011110011111101001111010111110110111101111111100011111001111110101111101111111100
1111110111111110111111110000000000000001000000100000001100000100000001010000011000000111000010000000100100001010000010110000110000001101000011100000111100010000000100010001001000010011000101000001010100010110000101110001100000011001000110100001101100011100
0001110100011110000111110010000000100001001000100010001100100100001001010010011000100111001010000010100100101010001010110010110000101101001011100010111100110000001100010011001000110011001101000011010100110110001101110011100000111001001110100011101100111100
0011110100111110001111110100000001000001010000100100001101000100010001010100011001000111010010000100100101001010010010110100110001001101010011100100111101010000010100010101001001010011010101000101010101010110010101110101100001011001010110100101101101011100
0101110101011110010111110110000001100001011000100110001101100100011001010110011001100111011010000000000000000000000000000000000000000000000000000000000000000000000000000000000000000000000000000000000000000000000000000000000000000000000000000000000000000000
